[CUSTOMERS] 1000
0831745512|Customer_0|7|6
0851022785|Customer_1|9|5
0825904580|Customer_2|3|1
0874734366|Customer_3|8|4
0841440565|Customer_4|10|6
0892013581|Customer_5|2|1
0891642754|Customer_6|3|4
0811904121|Customer_7|9|4
0811079358|Customer_8|1|1
0835448924|Customer_9|8|5
0864796438|Customer_10|7|3
0824599731|Customer_11|6|1
0882183538|Customer_12|6|2
0840705006|Customer_13|10|1
0870754203|Customer_14|2|2
0842087979|Customer_15|5|1
0894381774|Customer_16|7|1
0819758409|Customer_17|9|4
0895492270|Customer_18|2|2
0894758380|Customer_19|1|4
0827481929|Customer_20|8|3
0884793908|Customer_21|9|5
0814036258|Customer_22|8|5
0854759683|Customer_23|6|6
0855295859|Customer_24|1|5
0874391348|Customer_25|1|5
0863861468|Customer_26|5|2
0861502578|Customer_27|3|2
0843274644|Customer_28|6|6
0830769577|Customer_29|5|5
0865248669|Customer_30|10|4
0818681523|Customer_31|10|4
0852697510|Customer_32|2|6
0855094469|Customer_33|9|4
0810032475|Customer_34|4|1
0818886386|Customer_35|1|3
0845661376|Customer_36|8|1
0865878287|Customer_37|9|1
0839056827|Customer_38|6|3
0819723875|Customer_39|6|3
0834857773|Customer_40|7|2
0829117430|Customer_41|6|5
0891506893|Customer_42|7|6
0820081117|Customer_43|7|6
0850819455|Customer_44|10|1
0826627492|Customer_45|1|4
0892970471|Customer_46|5|2
0825185733|Customer_47|5|4
0818415933|Customer_48|5|2
0823855994|Customer_49|8|5
0833575912|Customer_50|6|6
0854280702|Customer_51|10|5
0866098272|Customer_52|9|1
0894988987|Customer_53|2|4
0888978528|Customer_54|4|3
0837955736|Customer_55|10|2
0872718837|Customer_56|7|6
0837981826|Customer_57|1|2
0866557208|Customer_58|4|2
0886801549|Customer_59|4|1
0819349639|Customer_60|5|1
0871060088|Customer_61|2|3
0895847931|Customer_62|3|3
0888234257|Customer_63|1|4
0841741194|Customer_64|1|2
0897061984|Customer_65|4|1
0876685281|Customer_66|4|4
0871387665|Customer_67|3|2
0893949077|Customer_68|10|5
0853617021|Customer_69|4|2
0811351234|Customer_70|4|2
0852201374|Customer_71|3|6
0842600522|Customer_72|5|6
0846215174|Customer_73|2|5
0845078730|Customer_74|3|3
0819568713|Customer_75|1|6
0861403272|Customer_76|3|2
0888021252|Customer_77|8|4
0885184764|Customer_78|7|6
0866783725|Customer_79|1|2
0829182986|Customer_80|6|2
0814233758|Customer_81|10|1
0867973647|Customer_82|8|2
0876952387|Customer_83|5|6
0857052589|Customer_84|2|3
0889146879|Customer_85|9|3
0815520614|Customer_86|6|1
0823557020|Customer_87|1|2
0898829525|Customer_88|6|5
0878457412|Customer_89|7|4
0898594550|Customer_90|1|5
0856650232|Customer_91|9|2
0817140229|Customer_92|1|5
0856247869|Customer_93|10|2
0824587130|Customer_94|2|1
0870723027|Customer_95|7|3
0821889405|Customer_96|5|1
0814213413|Customer_97|2|1
0869111119|Customer_98|1|2
0836664066|Customer_99|3|3
0855857481|Customer_100|8|3
0823681483|Customer_101|6|6
0840338663|Customer_102|2|6
0837375197|Customer_103|8|1
0886473217|Customer_104|7|1
0823548414|Customer_105|4|6
0895462951|Customer_106|1|6
0839324035|Customer_107|8|3
0821374907|Customer_108|7|6
0838879965|Customer_109|8|5
0835322601|Customer_110|7|1
0867374559|Customer_111|3|2
0813226989|Customer_112|5|2
0829220396|Customer_113|1|5
0815068096|Customer_114|8|2
0857894482|Customer_115|5|3
0810325142|Customer_116|4|5
0889667300|Customer_117|4|3
0876747806|Customer_118|8|1
0827325588|Customer_119|5|6
0864613740|Customer_120|3|6
0887015791|Customer_121|10|3
0866413945|Customer_122|1|5
0899759922|Customer_123|8|6
0873843145|Customer_124|9|2
0850210040|Customer_125|10|4
0827260625|Customer_126|1|3
0898417229|Customer_127|4|3
0819925291|Customer_128|2|2
0875500681|Customer_129|3|2
0831657302|Customer_130|9|4
0861154194|Customer_131|10|4
0853742246|Customer_132|2|2
0842132797|Customer_133|5|5
0897416003|Customer_134|1|4
0819163232|Customer_135|3|6
0874518906|Customer_136|6|2
0854668579|Customer_137|7|6
0849338757|Customer_138|6|5
0812748424|Customer_139|5|5
0835761353|Customer_140|9|6
0856067697|Customer_141|2|1
0865475136|Customer_142|10|1
0889869228|Customer_143|3|4
0855379359|Customer_144|3|4
0862356463|Customer_145|1|5
0811003366|Customer_146|10|5
0879849715|Customer_147|10|2
0882465902|Customer_148|4|3
0891855548|Customer_149|3|5
0829885169|Customer_150|1|2
0887381906|Customer_151|1|6
0831983823|Customer_152|10|3
0895429847|Customer_153|9|1
0857645177|Customer_154|9|1
0873641410|Customer_155|6|1
0843781105|Customer_156|7|6
0850607401|Customer_157|6|4
0854382041|Customer_158|1|2
0887120549|Customer_159|1|3
0850400400|Customer_160|5|1
0838262563|Customer_161|3|6
0831413454|Customer_162|5|6
0853959743|Customer_163|2|6
0867877627|Customer_164|9|5
0875283876|Customer_165|3|4
0819412048|Customer_166|4|2
0893853046|Customer_167|4|5
0891365053|Customer_168|6|4
0830039531|Customer_169|5|1
0839422545|Customer_170|1|1
0890096983|Customer_171|9|1
0831781436|Customer_172|6|5
0857787511|Customer_173|9|4
0874958558|Customer_174|7|3
0895328385|Customer_175|5|6
0847469555|Customer_176|1|3
0854907144|Customer_177|1|6
0858393370|Customer_178|10|5
0841993470|Customer_179|2|4
0835848190|Customer_180|4|4
0826877382|Customer_181|7|2
0872118536|Customer_182|6|2
0864399788|Customer_183|5|2
0825715082|Customer_184|8|4
0856368571|Customer_185|6|2
0828402317|Customer_186|8|6
0891174237|Customer_187|9|2
0831044722|Customer_188|5|6
0866078060|Customer_189|8|5
0842681508|Customer_190|6|5
0837248105|Customer_191|7|6
0867332146|Customer_192|3|3
0840862251|Customer_193|6|6
0826346898|Customer_194|9|5
0860804945|Customer_195|4|1
0849354112|Customer_196|5|5
0830110608|Customer_197|9|2
0879463080|Customer_198|9|5
0884591961|Customer_199|5|2
0857951699|Customer_200|3|4
0826933618|Customer_201|10|4
0882273972|Customer_202|2|5
0838160815|Customer_203|8|1
0843492126|Customer_204|7|2
0881860180|Customer_205|10|6
0832478135|Customer_206|4|1
0853058722|Customer_207|6|4
0820862304|Customer_208|8|2
0895365433|Customer_209|8|6
0842839840|Customer_210|6|6
0883390337|Customer_211|10|4
0830121328|Customer_212|10|6
0830092937|Customer_213|2|4
0866084519|Customer_214|10|1
0883898304|Customer_215|3|6
0812104008|Customer_216|9|6
0823053721|Customer_217|4|2
0877299438|Customer_218|6|5
0845304571|Customer_219|7|2
0834969240|Customer_220|6|3
0836459053|Customer_221|2|1
0843172713|Customer_222|8|2
0868889933|Customer_223|5|3
0820794938|Customer_224|5|3
0885268517|Customer_225|7|3
0898839815|Customer_226|3|1
0893923449|Customer_227|4|6
0815594052|Customer_228|3|4
0873614269|Customer_229|1|1
0883115872|Customer_230|1|3
0836259131|Customer_231|9|4
0830915796|Customer_232|3|6
0845906752|Customer_233|4|1
0827206766|Customer_234|3|1
0811161814|Customer_235|3|2
0874841259|Customer_236|1|1
0833621220|Customer_237|8|4
0813861161|Customer_238|7|6
0892953244|Customer_239|10|1
0859173501|Customer_240|6|4
0857185000|Customer_241|6|1
0874698802|Customer_242|2|4
0828032336|Customer_243|1|2
0836334105|Customer_244|5|6
0873252674|Customer_245|3|5
0826313549|Customer_246|8|4
0838189453|Customer_247|10|3
0851945458|Customer_248|6|5
0893834993|Customer_249|6|5
0872389701|Customer_250|10|4
0857630165|Customer_251|2|3
0856295646|Customer_252|9|6
0812948149|Customer_253|4|2
0896074188|Customer_254|6|4
0879603552|Customer_255|3|6
0861562201|Customer_256|3|2
0852593717|Customer_257|1|5
0878347910|Customer_258|9|6
0897710718|Customer_259|3|5
0873461463|Customer_260|10|2
0828907513|Customer_261|4|2
0822708791|Customer_262|4|4
0887199628|Customer_263|8|3
0873612736|Customer_264|4|5
0876129706|Customer_265|8|4
0855156192|Customer_266|4|3
0828705440|Customer_267|10|4
0824474603|Customer_268|8|1
0815812359|Customer_269|8|5
0861104046|Customer_270|2|4
0816896823|Customer_271|10|1
0840482861|Customer_272|7|5
0856382160|Customer_273|5|2
0864332731|Customer_274|4|1
0871260158|Customer_275|2|4
0899240602|Customer_276|1|2
0873404755|Customer_277|8|5
0822022554|Customer_278|2|1
0832997932|Customer_279|2|2
0884203234|Customer_280|6|2
0899149513|Customer_281|1|5
0845213557|Customer_282|2|3
0837036473|Customer_283|9|5
0838441848|Customer_284|10|2
0837098548|Customer_285|5|5
0831563296|Customer_286|6|3
0859550435|Customer_287|4|2
0885615293|Customer_288|2|2
0839843522|Customer_289|1|1
0868067968|Customer_290|9|6
0834037866|Customer_291|9|3
0851598161|Customer_292|2|1
0843532962|Customer_293|8|6
0878993975|Customer_294|5|2
0854984543|Customer_295|6|3
0813122486|Customer_296|9|2
0817787368|Customer_297|2|5
0824489550|Customer_298|7|3
0844470658|Customer_299|7|5
0897181091|Customer_300|3|6
0873495243|Customer_301|2|1
0868508491|Customer_302|7|1
0845315820|Customer_303|7|5
0864672086|Customer_304|2|1
0871349545|Customer_305|8|1
0873476686|Customer_306|6|5
0869752417|Customer_307|2|2
0834845673|Customer_308|3|2
0813915750|Customer_309|4|2
0840650849|Customer_310|7|6
0823852456|Customer_311|7|1
0859499577|Customer_312|7|4
0818686283|Customer_313|7|1
0884744400|Customer_314|6|4
0815040721|Customer_315|8|1
0856778635|Customer_316|6|5
0816043109|Customer_317|7|1
0830257143|Customer_318|1|1
0894962067|Customer_319|4|5
0854387454|Customer_320|10|4
0823963708|Customer_321|4|2
0891078008|Customer_322|7|3
0818575263|Customer_323|10|4
0832145515|Customer_324|1|6
0825249650|Customer_325|7|3
0840136781|Customer_326|2|4
0843541167|Customer_327|10|4
0865210501|Customer_328|1|3
0832030291|Customer_329|10|6
0845060471|Customer_330|6|2
0832527055|Customer_331|4|3
0870956832|Customer_332|5|1
0824586270|Customer_333|4|2
0880727237|Customer_334|4|5
0815650491|Customer_335|3|6
0820696362|Customer_336|10|4
0879404352|Customer_337|4|2
0828535120|Customer_338|7|1
0867632915|Customer_339|6|6
0880562005|Customer_340|5|5
0836913684|Customer_341|1|3
0846827949|Customer_342|9|2
0868042235|Customer_343|1|3
0830067753|Customer_344|4|2
0892087375|Customer_345|6|3
0813648585|Customer_346|7|2
0879142384|Customer_347|1|5
0879883872|Customer_348|1|5
0843807874|Customer_349|7|4
0813497267|Customer_350|9|5
0872047446|Customer_351|6|4
0823513205|Customer_352|7|2
0874477972|Customer_353|4|4
0818205976|Customer_354|9|1
0860238963|Customer_355|1|5
0832168224|Customer_356|9|1
0827996280|Customer_357|7|5
0867550623|Customer_358|7|1
0843843242|Customer_359|8|4
0857603586|Customer_360|3|1
0887951876|Customer_361|1|2
0816764800|Customer_362|5|4
0890985669|Customer_363|9|1
0853478666|Customer_364|5|6
0861694136|Customer_365|10|2
0876721163|Customer_366|8|4
0875630494|Customer_367|6|5
0867169271|Customer_368|3|3
0897599671|Customer_369|4|1
0887097883|Customer_370|1|4
0851275642|Customer_371|9|2
0868331519|Customer_372|8|3
0877121971|Customer_373|10|6
0855717754|Customer_374|9|6
0854354301|Customer_375|3|6
0886740154|Customer_376|7|5
0864815597|Customer_377|8|6
0897996125|Customer_378|6|5
0842671623|Customer_379|10|2
0836646378|Customer_380|3|1
0883298815|Customer_381|2|6
0832070671|Customer_382|7|6
0837865017|Customer_383|6|1
0849711755|Customer_384|2|2
0866086922|Customer_385|3|1
0885132581|Customer_386|7|5
0898168891|Customer_387|4|3
0869363177|Customer_388|5|1
0838546696|Customer_389|10|5
0842641956|Customer_390|3|5
0871616873|Customer_391|8|2
0854392104|Customer_392|10|3
0831861968|Customer_393|3|2
0861549983|Customer_394|1|2
0823911072|Customer_395|9|3
0859720702|Customer_396|4|4
0874360487|Customer_397|2|1
0850494283|Customer_398|1|4
0841989529|Customer_399|4|4
0838285335|Customer_400|8|1
0810326232|Customer_401|4|4
0843968451|Customer_402|8|1
0858720216|Customer_403|5|1
0847018350|Customer_404|4|6
0866542201|Customer_405|6|2
0891374142|Customer_406|10|5
0871639872|Customer_407|3|4
0878594583|Customer_408|4|3
0844948286|Customer_409|1|1
0832837741|Customer_410|8|4
0818761259|Customer_411|8|3
0853760444|Customer_412|10|6
0852555692|Customer_413|4|3
0886691880|Customer_414|7|6
0828323051|Customer_415|10|4
0872370568|Customer_416|7|3
0863305129|Customer_417|7|3
0833928231|Customer_418|10|3
0822845265|Customer_419|10|3
0835489036|Customer_420|8|6
0841046074|Customer_421|8|1
0860094395|Customer_422|6|6
0846739823|Customer_423|10|5
0827388057|Customer_424|8|6
0831543368|Customer_425|6|2
0855176966|Customer_426|9|3
0857680646|Customer_427|5|4
0847082970|Customer_428|9|3
0885750435|Customer_429|6|2
0818157932|Customer_430|10|3
0836772681|Customer_431|3|1
0899345869|Customer_432|2|3
0873376462|Customer_433|5|5
0851595788|Customer_434|4|3
0854734174|Customer_435|10|2
0836724955|Customer_436|7|2
0852007134|Customer_437|8|2
0832166712|Customer_438|3|3
0830605802|Customer_439|2|3
0828795540|Customer_440|6|3
0855126718|Customer_441|8|4
0872665209|Customer_442|6|1
0846469557|Customer_443|2|1
0847181207|Customer_444|1|3
0844092865|Customer_445|2|2
0859502467|Customer_446|2|1
0814038088|Customer_447|10|4
0815449177|Customer_448|7|4
0829517817|Customer_449|3|1
0878346594|Customer_450|2|3
0860012491|Customer_451|10|1
0832211600|Customer_452|1|2
0864703629|Customer_453|6|5
0864467192|Customer_454|6|4
0872206298|Customer_455|4|5
0814411190|Customer_456|10|2
0853362418|Customer_457|3|1
0892399244|Customer_458|1|2
0861532180|Customer_459|1|2
0876339818|Customer_460|3|2
0866155772|Customer_461|3|2
0821759473|Customer_462|8|6
0889863657|Customer_463|1|5
0827713961|Customer_464|9|4
0825658683|Customer_465|5|6
0828645781|Customer_466|8|1
0817401761|Customer_467|5|4
0841641591|Customer_468|8|5
0846047183|Customer_469|7|3
0879811900|Customer_470|10|4
0856039637|Customer_471|5|3
0892295954|Customer_472|1|6
0857910209|Customer_473|2|3
0880384739|Customer_474|1|6
0812388300|Customer_475|5|5
0853751103|Customer_476|4|5
0857484485|Customer_477|3|4
0846926366|Customer_478|4|1
0833112306|Customer_479|1|5
0816364952|Customer_480|9|5
0853630003|Customer_481|7|2
0893420798|Customer_482|9|2
0818074728|Customer_483|10|6
0896438393|Customer_484|6|5
0821547918|Customer_485|1|5
0864654643|Customer_486|9|4
0827737223|Customer_487|10|2
0879255232|Customer_488|1|4
0888955474|Customer_489|8|6
0821052067|Customer_490|6|2
0899209362|Customer_491|10|6
0867038276|Customer_492|2|2
0856813433|Customer_493|1|4
0847193699|Customer_494|1|5
0841378338|Customer_495|7|2
0886493356|Customer_496|3|2
0830717206|Customer_497|5|3
0865244999|Customer_498|8|6
0891579816|Customer_499|2|1
0859836721|Customer_500|8|6
0899795975|Customer_501|3|6
0840205668|Customer_502|8|4
0859341565|Customer_503|8|1
0828814647|Customer_504|1|3
0880301708|Customer_505|8|6
0878644717|Customer_506|6|2
0831750329|Customer_507|1|5
0878695465|Customer_508|5|3
0843692014|Customer_509|7|5
0821410965|Customer_510|2|3
0826334445|Customer_511|9|1
0811925214|Customer_512|10|4
0841070364|Customer_513|7|6
0810760981|Customer_514|2|6
0847136035|Customer_515|3|2
0892056812|Customer_516|4|2
0867012149|Customer_517|2|6
0820081261|Customer_518|7|2
0853007445|Customer_519|4|3
0812929052|Customer_520|10|2
0851100799|Customer_521|8|2
0879151839|Customer_522|4|4
0859328879|Customer_523|10|6
0829741957|Customer_524|8|6
0899306792|Customer_525|9|2
0812358040|Customer_526|9|6
0837653720|Customer_527|7|6
0879511086|Customer_528|10|4
0852579864|Customer_529|3|1
0853628830|Customer_530|9|4
0832805078|Customer_531|8|3
0898942443|Customer_532|3|1
0814104842|Customer_533|6|5
0840005330|Customer_534|4|2
0887437968|Customer_535|6|1
0894436741|Customer_536|6|3
0826072488|Customer_537|3|4
0834989163|Customer_538|3|3
0811843267|Customer_539|8|1
0812585754|Customer_540|7|6
0828451306|Customer_541|10|3
0830713292|Customer_542|10|6
0879369085|Customer_543|8|2
0847339605|Customer_544|3|4
0886989572|Customer_545|9|4
0818435939|Customer_546|4|6
0816137335|Customer_547|1|3
0867555300|Customer_548|1|3
0812034540|Customer_549|6|1
0840419038|Customer_550|7|4
0837519808|Customer_551|9|5
0887501623|Customer_552|8|1
0894364622|Customer_553|3|5
0838014566|Customer_554|7|6
0844803233|Customer_555|8|6
0826339563|Customer_556|5|3
0825130905|Customer_557|4|1
0828437804|Customer_558|10|4
0837498008|Customer_559|4|3
0849670464|Customer_560|7|1
0841051935|Customer_561|6|2
0851820773|Customer_562|8|1
0899565039|Customer_563|4|5
0887102769|Customer_564|8|4
0840210751|Customer_565|1|4
0869446831|Customer_566|2|5
0812354507|Customer_567|2|4
0878029171|Customer_568|1|4
0885433289|Customer_569|9|5
0816310819|Customer_570|6|2
0839820332|Customer_571|4|3
0894256095|Customer_572|1|5
0862583945|Customer_573|9|6
0838562488|Customer_574|9|2
0899840118|Customer_575|7|4
0875802363|Customer_576|8|6
0889568435|Customer_577|5|1
0873733928|Customer_578|6|4
0843476122|Customer_579|1|2
0821668342|Customer_580|10|2
0890955739|Customer_581|8|6
0814907277|Customer_582|5|6
0837343810|Customer_583|7|2
0887420126|Customer_584|7|5
0872618460|Customer_585|1|5
0812417058|Customer_586|6|5
0873353360|Customer_587|8|1
0840565547|Customer_588|4|6
0838773533|Customer_589|3|4
0849501463|Customer_590|9|1
0879779012|Customer_591|3|2
0881676051|Customer_592|5|1
0841306989|Customer_593|10|2
0839230866|Customer_594|8|5
0882574819|Customer_595|7|6
0892895801|Customer_596|6|1
0839947301|Customer_597|6|4
0883746160|Customer_598|2|1
0890165330|Customer_599|7|3
0825322076|Customer_600|10|3
0865183296|Customer_601|6|3
0887235439|Customer_602|6|2
0860116333|Customer_603|9|2
0845210310|Customer_604|3|2
0857658265|Customer_605|3|6
0862994583|Customer_606|6|3
0878689375|Customer_607|4|2
0814733185|Customer_608|3|1
0835089315|Customer_609|9|6
0825283818|Customer_610|6|2
0864340207|Customer_611|6|2
0838809444|Customer_612|8|5
0812816060|Customer_613|3|2
0886152032|Customer_614|6|5
0859210895|Customer_615|2|2
0880804632|Customer_616|3|3
0861707104|Customer_617|8|2
0895760730|Customer_618|8|2
0893229869|Customer_619|6|4
0873302210|Customer_620|6|4
0896378397|Customer_621|1|2
0892958001|Customer_622|9|5
0810123279|Customer_623|6|5
0839977292|Customer_624|4|3
0882580111|Customer_625|4|4
0832891659|Customer_626|7|4
0886246278|Customer_627|8|2
0826592038|Customer_628|8|5
0887051435|Customer_629|8|2
0837992715|Customer_630|10|6
0820626661|Customer_631|5|4
0826371205|Customer_632|6|5
0883620564|Customer_633|3|4
0811343876|Customer_634|5|2
0824783438|Customer_635|6|3
0884274899|Customer_636|5|4
0832520903|Customer_637|8|4
0815388880|Customer_638|6|3
0889141844|Customer_639|8|3
0876357094|Customer_640|7|1
0895637703|Customer_641|7|1
0838918207|Customer_642|1|5
0879691540|Customer_643|7|1
0825446531|Customer_644|2|5
0889097012|Customer_645|10|6
0825982263|Customer_646|2|4
0837355772|Customer_647|4|2
0866779491|Customer_648|10|1
0867890179|Customer_649|7|6
0821251088|Customer_650|6|5
0814985168|Customer_651|3|1
0870525599|Customer_652|8|3
0826079214|Customer_653|1|6
0818952341|Customer_654|5|4
0869180616|Customer_655|5|1
0856841159|Customer_656|1|4
0895873181|Customer_657|6|6
0810669615|Customer_658|2|1
0867915383|Customer_659|2|6
0891617455|Customer_660|5|5
0816648104|Customer_661|5|6
0854358608|Customer_662|6|3
0826755907|Customer_663|1|4
0844059167|Customer_664|10|1
0819093806|Customer_665|8|4
0843587718|Customer_666|5|4
0829839431|Customer_667|3|5
0889921796|Customer_668|2|3
0817596023|Customer_669|9|1
0890570280|Customer_670|5|3
0810094611|Customer_671|10|1
0839108222|Customer_672|2|5
0888773639|Customer_673|7|5
0840867725|Customer_674|1|6
0814001261|Customer_675|10|4
0873931129|Customer_676|4|4
0830221345|Customer_677|2|1
0822664046|Customer_678|7|1
0893567442|Customer_679|5|2
0866336177|Customer_680|8|1
0857773213|Customer_681|4|3
0830537313|Customer_682|6|4
0813476821|Customer_683|6|5
0811214284|Customer_684|9|2
0840914908|Customer_685|4|6
0810667439|Customer_686|8|6
0823010602|Customer_687|4|1
0860813633|Customer_688|8|1
0851765049|Customer_689|8|1
0872945819|Customer_690|6|6
0813582883|Customer_691|6|1
0881206148|Customer_692|8|5
0889262795|Customer_693|5|4
0829992876|Customer_694|8|2
0840446093|Customer_695|5|6
0860160858|Customer_696|3|1
0848650676|Customer_697|9|5
0871230053|Customer_698|2|2
0832971040|Customer_699|7|6
0817450188|Customer_700|4|3
0876178412|Customer_701|3|6
0856643031|Customer_702|6|1
0895713484|Customer_703|2|6
0811267025|Customer_704|1|1
0869818963|Customer_705|7|2
0886572595|Customer_706|5|4
0831981310|Customer_707|8|1
0885605278|Customer_708|10|3
0831276217|Customer_709|5|3
0829364405|Customer_710|9|2
0840548946|Customer_711|10|1
0892568640|Customer_712|4|1
0879288817|Customer_713|2|2
0838477357|Customer_714|5|3
0871483989|Customer_715|4|6
0885531268|Customer_716|4|3
0887282717|Customer_717|1|3
0863725651|Customer_718|1|1
0843618817|Customer_719|6|2
0822339553|Customer_720|1|3
0868402791|Customer_721|6|5
0842155260|Customer_722|4|5
0890342406|Customer_723|5|1
0879945909|Customer_724|4|4
0868301860|Customer_725|1|1
0838930941|Customer_726|7|5
0862364101|Customer_727|3|2
0869415595|Customer_728|1|2
0828240474|Customer_729|9|6
0830835986|Customer_730|7|6
0889623397|Customer_731|5|3
0893256275|Customer_732|3|6
0828889382|Customer_733|1|2
0889457866|Customer_734|9|3
0888010078|Customer_735|3|6
0878394941|Customer_736|5|3
0859741088|Customer_737|8|6
0833595816|Customer_738|2|2
0883782174|Customer_739|6|1
0856350724|Customer_740|4|3
0879000413|Customer_741|10|6
0895280205|Customer_742|1|2
0889413828|Customer_743|1|5
0894957174|Customer_744|9|5
0894372407|Customer_745|5|5
0875776590|Customer_746|6|4
0869297538|Customer_747|10|4
0877067468|Customer_748|5|1
0890753862|Customer_749|6|5
0854538528|Customer_750|9|5
0869756981|Customer_751|2|6
0844664936|Customer_752|2|3
0814469312|Customer_753|10|4
0838284893|Customer_754|5|2
0882348125|Customer_755|3|6
0839968360|Customer_756|9|2
0870553209|Customer_757|7|6
0895360384|Customer_758|5|1
0894950967|Customer_759|9|1
0823758309|Customer_760|3|5
0831052976|Customer_761|10|1
0832612334|Customer_762|8|3
0844730582|Customer_763|8|5
0870899274|Customer_764|1|6
0842589236|Customer_765|3|2
0835259312|Customer_766|2|3
0867028563|Customer_767|3|4
0826385185|Customer_768|6|3
0838295378|Customer_769|3|3
0891889396|Customer_770|5|1
0864468570|Customer_771|2|5
0875760395|Customer_772|10|4
0826380493|Customer_773|9|2
0876311742|Customer_774|5|6
0881717269|Customer_775|3|4
0884018467|Customer_776|1|2
0868896176|Customer_777|6|5
0861729155|Customer_778|6|6
0853531334|Customer_779|10|3
0899065698|Customer_780|2|6
0835609787|Customer_781|4|1
0836561660|Customer_782|8|3
0837236675|Customer_783|5|5
0832631953|Customer_784|1|6
0878185765|Customer_785|6|1
0817490459|Customer_786|4|5
0829452098|Customer_787|3|5
0867431955|Customer_788|3|3
0839386978|Customer_789|4|2
0865414519|Customer_790|1|5
0873727612|Customer_791|4|1
0823584495|Customer_792|10|3
0864583657|Customer_793|2|2
0874029611|Customer_794|3|5
0844877932|Customer_795|2|3
0836947117|Customer_796|7|3
0836183162|Customer_797|6|6
0817085606|Customer_798|5|6
0859601481|Customer_799|5|1
0828635440|Customer_800|6|3
0855412461|Customer_801|1|6
0874729230|Customer_802|6|1
0883970796|Customer_803|1|5
0894145092|Customer_804|7|1
0885940070|Customer_805|6|1
0878894166|Customer_806|6|4
0827064219|Customer_807|10|2
0868637127|Customer_808|1|2
0864882739|Customer_809|10|5
0862722620|Customer_810|3|4
0810196411|Customer_811|2|6
0852648986|Customer_812|3|5
0858799222|Customer_813|3|3
0813762167|Customer_814|10|4
0886742255|Customer_815|3|1
0832377107|Customer_816|10|5
0867927936|Customer_817|6|5
0851149331|Customer_818|1|5
0857374520|Customer_819|8|6
0837268328|Customer_820|8|3
0819143366|Customer_821|1|1
0883577442|Customer_822|1|1
0873103474|Customer_823|6|2
0889313141|Customer_824|4|1
0825848315|Customer_825|7|2
0885143319|Customer_826|1|5
0886148424|Customer_827|8|3
0818760565|Customer_828|3|4
0854715711|Customer_829|1|1
0869149032|Customer_830|3|5
0837165800|Customer_831|7|1
0846032986|Customer_832|6|1
0874522400|Customer_833|1|5
0859020726|Customer_834|10|5
0885657880|Customer_835|4|3
0839899419|Customer_836|9|3
0879962431|Customer_837|6|2
0825220224|Customer_838|1|1
0887320349|Customer_839|1|3
0890313843|Customer_840|7|2
0844811130|Customer_841|10|1
0894222142|Customer_842|10|6
0883146815|Customer_843|1|4
0836389675|Customer_844|4|1
0871183964|Customer_845|5|2
0846445255|Customer_846|3|3
0838404993|Customer_847|7|6
0835468926|Customer_848|7|4
0821583165|Customer_849|7|5
0830311752|Customer_850|9|6
0810288690|Customer_851|2|2
0876460739|Customer_852|3|2
0893390432|Customer_853|5|1
0834609958|Customer_854|9|2
0851237163|Customer_855|2|3
0835844345|Customer_856|9|5
0873655371|Customer_857|1|5
0842882310|Customer_858|4|3
0864705966|Customer_859|5|2
0841895312|Customer_860|7|6
0893952238|Customer_861|7|2
0890957632|Customer_862|6|3
0814323175|Customer_863|10|3
0845417137|Customer_864|7|1
0859874966|Customer_865|9|6
0866323759|Customer_866|10|1
0870340891|Customer_867|7|1
0846213064|Customer_868|7|3
0848260244|Customer_869|6|1
0865122917|Customer_870|4|6
0878523975|Customer_871|9|2
0870328795|Customer_872|4|2
0827570730|Customer_873|1|2
0839380943|Customer_874|2|4
0881832294|Customer_875|9|6
0874125276|Customer_876|3|6
0821020506|Customer_877|8|2
0811026310|Customer_878|1|6
0829294684|Customer_879|5|6
0857253210|Customer_880|5|3
0835461296|Customer_881|8|3
0877293863|Customer_882|1|5
0877132380|Customer_883|8|2
0884483701|Customer_884|10|6
0829324869|Customer_885|3|6
0824258858|Customer_886|10|1
0810808778|Customer_887|3|2
0837448622|Customer_888|3|1
0834902065|Customer_889|8|2
0855512633|Customer_890|2|4
0830258644|Customer_891|10|1
0857501341|Customer_892|7|4
0814073094|Customer_893|4|3
0827217301|Customer_894|6|3
0891519503|Customer_895|2|6
0814705301|Customer_896|2|1
0868766722|Customer_897|1|1
0862360072|Customer_898|10|2
0871692680|Customer_899|2|4
0811702489|Customer_900|9|4
0839377792|Customer_901|7|5
0836122177|Customer_902|5|6
0814971753|Customer_903|5|4
0871964944|Customer_904|10|4
0881684097|Customer_905|1|3
0847856992|Customer_906|3|5
0874124940|Customer_907|9|4
0874097142|Customer_908|9|1
0814294878|Customer_909|5|6
0894873386|Customer_910|3|5
0861567187|Customer_911|2|1
0885365136|Customer_912|5|5
0868676475|Customer_913|1|3
0826419847|Customer_914|8|5
0829733535|Customer_915|10|5
0882545371|Customer_916|8|5
0840991292|Customer_917|6|1
0883726195|Customer_918|3|2
0871675984|Customer_919|7|1
0847013235|Customer_920|10|5
0844695212|Customer_921|4|5
0875198938|Customer_922|3|6
0857779363|Customer_923|3|4
0881950436|Customer_924|6|3
0813912659|Customer_925|10|1
0865882396|Customer_926|2|1
0859767960|Customer_927|2|6
0855601631|Customer_928|5|4
0842294592|Customer_929|4|5
0833805542|Customer_930|5|5
0829239398|Customer_931|7|2
0819108645|Customer_932|5|3
0819600554|Customer_933|1|5
0816278277|Customer_934|8|1
0890099322|Customer_935|2|6
0813661862|Customer_936|8|6
0858384872|Customer_937|8|5
0884283034|Customer_938|3|5
0820317212|Customer_939|7|6
0882288532|Customer_940|2|6
0851438561|Customer_941|6|5
0876394001|Customer_942|4|2
0817133895|Customer_943|2|1
0854533355|Customer_944|9|4
0853096711|Customer_945|3|1
0869268411|Customer_946|8|4
0815825397|Customer_947|10|6
0877274043|Customer_948|3|4
0813814268|Customer_949|1|6
0887232502|Customer_950|4|2
0843955746|Customer_951|1|3
0875566977|Customer_952|5|3
0831401001|Customer_953|10|2
0821322344|Customer_954|10|3
0899685015|Customer_955|1|3
0864971411|Customer_956|3|4
0843276195|Customer_957|10|2
0845360495|Customer_958|4|4
0852232663|Customer_959|3|4
0837190342|Customer_960|7|2
0857817674|Customer_961|3|3
0848041735|Customer_962|5|3
0814189958|Customer_963|8|3
0833878301|Customer_964|1|5
0888430240|Customer_965|4|1
0890026882|Customer_966|5|2
0865918774|Customer_967|8|4
0833506416|Customer_968|4|6
0868839041|Customer_969|10|1
0871229676|Customer_970|3|4
0882693031|Customer_971|10|1
0868405198|Customer_972|5|4
0854921178|Customer_973|3|3
0883215945|Customer_974|10|3
0840927565|Customer_975|2|1
0872521809|Customer_976|8|6
0849314765|Customer_977|3|3
0890249081|Customer_978|7|2
0885316203|Customer_979|1|3
0854415014|Customer_980|5|4
0850168165|Customer_981|4|2
0816980714|Customer_982|7|4
0874277264|Customer_983|9|3
0855100283|Customer_984|2|2
0821473110|Customer_985|6|5
0820325784|Customer_986|6|4
0861484288|Customer_987|4|3
0815405610|Customer_988|1|2
0814272357|Customer_989|7|1
0891844455|Customer_990|1|2
0824575053|Customer_991|1|1
0889111994|Customer_992|6|4
0884092163|Customer_993|6|1
0813709264|Customer_994|10|6
0835447304|Customer_995|7|3
0880878849|Customer_996|2|2
0855412523|Customer_997|4|2
0827859487|Customer_998|4|5
0824445216|Customer_999|5|4
[BRANCHES] 3
1|Central|0|0|5203|66|5
[TABLES] 4
101|2|1|-1|
102|4|1|-1|
103|6|1|-1|
104|8|1|-1|
[WAITLIST] 0
2|Siam|5|5|7276|20|14
[TABLES] 4
201|2|1|-1|
202|4|1|-1|
203|6|1|-1|
204|8|1|-1|
[WAITLIST] 0
3|Rangsit|-3|8|2625|17|17
[TABLES] 4
301|2|1|-1|
302|4|1|-1|
303|6|1|-1|
304|8|1|-1|
[WAITLIST] 0
