[CUSTOMERS] 100
0885348816|Customer_0|9|4
0829103046|Customer_1|6|4
0860162205|Customer_2|4|5
0887282922|Customer_3|8|3
0894529640|Customer_4|6|1
0871810027|Customer_5|8|3
0831848944|Customer_6|6|6
0887362229|Customer_7|8|1
0838632360|Customer_8|4|5
0841430995|Customer_9|8|6
0828899785|Customer_10|3|1
0871630637|Customer_11|10|4
0886312280|Customer_12|8|4
0876009502|Customer_13|4|3
0879795995|Customer_14|3|2
0867129369|Customer_15|10|5
0830181442|Customer_16|3|4
0867500879|Customer_17|5|5
0810785032|Customer_18|7|6
0894443379|Customer_19|9|4
0829710296|Customer_20|3|1
0877069705|Customer_21|2|1
0830538754|Customer_22|10|1
0855044767|Customer_23|6|2
0841821748|Customer_24|9|6
0873738308|Customer_25|8|4
0822738370|Customer_26|2|3
0867390111|Customer_27|5|5
0810338212|Customer_28|8|5
0859166197|Customer_29|7|3
0823573095|Customer_30|1|6
0897445573|Customer_31|3|1
0835935646|Customer_32|9|6
0847842491|Customer_33|3|3
0880194183|Customer_34|4|5
0858982194|Customer_35|1|6
0855864114|Customer_36|7|4
0846976707|Customer_37|7|2
0863066045|Customer_38|9|3
0840706163|Customer_39|1|4
0855167322|Customer_40|4|6
0881403126|Customer_41|10|6
0873469580|Customer_42|7|1
0824193133|Customer_43|1|1
0836011074|Customer_44|3|5
0877543309|Customer_45|2|3
0814857973|Customer_46|8|1
0814992572|Customer_47|6|4
0820594551|Customer_48|9|1
0870497076|Customer_49|2|3
0848438285|Customer_50|3|3
0882170834|Customer_51|1|4
0820029615|Customer_52|10|5
0821616887|Customer_53|6|5
0864082103|Customer_54|10|3
0814876698|Customer_55|9|5
0869935872|Customer_56|3|5
0871740492|Customer_57|5|6
0888856955|Customer_58|2|6
0846853158|Customer_59|2|3
0850645135|Customer_60|9|1
0898959800|Customer_61|4|2
0824810168|Customer_62|5|2
0848513435|Customer_63|9|6
0891093531|Customer_64|3|1
0861802830|Customer_65|1|2
0890454901|Customer_66|4|2
0875206897|Customer_67|5|1
0841694592|Customer_68|2|4
0826329790|Customer_69|9|6
0842378054|Customer_70|3|5
0833184158|Customer_71|5|4
0855576524|Customer_72|3|1
0812245631|Customer_73|4|4
0828295091|Customer_74|3|5
0827396286|Customer_75|10|3
0839618261|Customer_76|6|6
0812657324|Customer_77|10|2
0852662819|Customer_78|5|1
0850941011|Customer_79|3|6
0822359818|Customer_80|9|2
0859403389|Customer_81|9|3
0855433791|Customer_82|7|2
0878594462|Customer_83|5|6
0838478832|Customer_84|1|4
0816916636|Customer_85|2|1
0819742172|Customer_86|4|1
0876707120|Customer_87|9|6
0897514430|Customer_88|10|3
0870533260|Customer_89|3|6
0854135288|Customer_90|3|3
0886220231|Customer_91|2|5
0893264299|Customer_92|10|2
0862266791|Customer_93|4|6
0818351095|Customer_94|7|5
0881777054|Customer_95|8|2
0827728974|Customer_96|4|1
0855439648|Customer_97|5|6
0824434353|Customer_98|10|2
0810524564|Customer_99|5|6
[BRANCHES] 3
1|Central|0|0|3555|22|5
[TABLES] 4
101|2|1|-1|
102|4|1|-1|
103|6|1|-1|
104|8|1|-1|
[WAITLIST] 0
2|Siam|5|5|7277|12|18
[TABLES] 4
201|2|1|-1|
202|4|1|-1|
203|6|1|-1|
204|8|1|-1|
[WAITLIST] 0
3|Rangsit|-3|8|5798|17|8
[TABLES] 4
301|2|1|-1|
302|4|1|-1|
303|6|1|-1|
304|8|1|-1|
[WAITLIST] 0
