[CUSTOMERS] 10
0884264065|Customer_0|4|2
0857835344|Customer_1|3|6
0825823243|Customer_2|3|4
0847607061|Customer_3|5|4
0865119093|Customer_4|6|2
0892229148|Customer_5|2|3
0864404573|Customer_6|9|4
0844995339|Customer_7|3|2
0848592233|Customer_8|3|5
0844813992|Customer_9|1|5
[BRANCHES] 3
1|Central|0|0|2742|29|15
[TABLES] 4
101|2|1|-1|
102|4|1|-1|
103|6|1|-1|
104|8|1|-1|
[WAITLIST] 0
2|Siam|5|5|5966|57|18
[TABLES] 4
201|2|1|-1|
202|4|1|-1|
203|6|1|-1|
204|8|1|-1|
[WAITLIST] 0
3|Rangsit|-3|8|9485|83|12
[TABLES] 4
301|2|1|-1|
302|4|1|-1|
303|6|1|-1|
304|8|1|-1|
[WAITLIST] 0
